0.18487
0.109023
0.0428557
0.0850057
0.0394902
0.0915264
0.0536121
0.0456485
0.0505911
0.163178
0.0878426
0.10657
0.112826
0.146955
0.0425948
0.0888045
0.104858
0.0536171
0.123795
0.0853841
0.0960167
0.0507344
0.054994
0.0983827
0.0597284
0.0435219
0.0852449
0.113546
0.0584927
0.191758
0.0578442
0.122822
0.211455
0.0625887
0.113923
0.135187
0.0500975
0.0827006
0.0815085
0.0998046
0.210744
0.0525062
0.0539513
0.215175
0.0469422
0.156857
0.0985228
0.215493
0.0526565
0.0459094
0.10574
0.0916253
0.0991049
0.216347
0.0987093
0.0956011
0.117725
0.0567014
0.127602
0.0811985
0.234596
0.107812
0.123862
0.176703
0.119964
0.104722
0.0767955
0.114229
0.0865701
0.0844519
0.103951
0.0759821
0.0834428
0.041409
0.135263
0.0332562
0.0660906
0.0533867
0.140865
0.1674
0.120186
0.139633
0.0479101
0.0943407
0.139643
0.0372854
0.0576662
0.0582765
0.0825146
0.0468948
0.0876361
0.0528945
0.0923451
0.0480736
0.0439458
0.0639404
0.0508001
0.0779304
0.0400954
0.116772
0.0781637
0.127274
0.0833962
0.0521309
0.0778916
0.0766725
0.134048
0.254176
0.0875287
0.119483
0.196532
0.127144
0.0518229
0.054118
0.110084
0.0854362
0.0678814
0.129456
0.0431413
0.139896
0.123349
0.0414638
0.0417056
0.0945764
0.101023
0.139448
0.127157
0.0437667
0.0821494
0.089839
0.176092
0.0965897
0.155066
0.0446719
0.119346
0.0397923
0.105185
0.137209
0.125328
0.0328665
0.0878343
0.0556144
0.0610416
0.0732524
0.114373
0.0501208
0.0303662
0.0577107
0.116156
0.100826
0.0630461
0.102615
0.0507282
0.0692272
0.0578373
0.0593434
0.0822949
0.0684468
0.0829192
0.164737
0.0543193
0.115886
0.111341
0.111633
0.153594
0.117869
0.0500801
0.0915755
0.0642688
0.133828
0.0583488
0.0563008
0.0627654
0.135797
0.147581
0.0483757
0.140208
0.18497
0.0871003
0.101856
0.0537316
0.0544392
0.152504
0.105139
0.119461
0.0336409
0.103939
0.0523825
0.119963
0.096531
0.111807
0.134593
0.139908
0.137132
0.12135
0.146434
0.131154
0.0951052
0.161382
0.100187
0.100352
0.16309
0.0997828
0.149431
0.073108
0.171571
0.0972839
0.224165
0.121782
0.0541943
0.0823589
0.092604
0.0515934
0.111049
0.0866844
0.202101
0.136414
0.119761
0.0812322
0.0845665
0.170807
0.125225
0.0573465
0.121632
0.0488501
0.136043
0.09529
0.0916239
0.139046
0.156487
0.141652
0.166483
0.1266
0.113342
0.0758948
0.141912
0.0867675
0.168825
0.0697596
0.137521
0.183119
0.110493
0.141505
0.168402
0.216695
0.105675
0.110483
0.142905
0.0576575
0.117275
0.113296
0.086155
0.0808564
0.151737
0.12752
0.0714846
0.0571386
0.0902331
0.0537082
0.0759289
0.10056
0.0877976
0.122631
0.0568415
0.154259
0.0969813
0.186747
0.234665
0.18856
0.192627
0.0420739
0.155445
0.110495
0.10835
0.207865
0.111304
0.0789837
0.100849
0.202067
0.121772
0.0664912
0.0905963
0.092419
0.104034
0.083979
0.165374
0.226646
0.0748397
0.149293
0.0717361
0.0343551
0.103698
0.0482902
0.0706082
0.0425101
0.189552
0.123732
0.0979834
0.137804
0.0952565
0.134453
0.10183
0.104438
0.0465439
0.0920028
0.0969169
0.0735637
0.140927
0.196126
0.15281
0.0447766
0.163769
0.110174
0.0712042
0.0561013
0.0319774
0.148051
0.104172
0.0663851
0.144822
0.0848992
0.121462
0.0914957
0.116312
0.0938405
0.116086
0.0843464
0.0326612
0.10019
0.0896203
0.127233
0.182238
0.230422
0.0675939
0.163144
0.176472
0.0733999
0.0784901
0.0797726
0.152225
0.0418162
0.0665893
0.120889
0.11596
0.115464
0.0711591
0.0696918
0.0641891
0.147113
0.0909398
0.0910035
0.141981
0.155741
0.181856
0.11545
0.176005
0.0508441
0.0711129
0.090277
0.0740264
0.0846953
0.104813
0.0526755
0.084716
0.0814779
0.0988494
0.0807109
0.0742917
0.0980235
0.1674
0.0941769
0.0875356
0.127031
0.063876
0.108924
0.0821655
0.0734747
0.134592
0.136694
0.050368
0.0698534
0.0638401
0.10138
0.0820057
0.0190371
0.0797439
0.0771765
0.0713827
0.120716
0.135305
0.0618707
0.0954762
0.106814
0.0701189
0.0495922
0.0286463
0.0967549
0.0991608
0.0754756
0.125719
0.0534683
0.0896428
0.0627336
0.164152
0.0876434
0.0852945
0.107253
0.0708496
0.099658
0.112259
0.079607
0.0327276
0.112556
0.143025
0.110623
0.112991
0.0850365
0.108049
0.075856
0.0711863
0.0699359
0.0817282
0.0599495
0.135149
0.0690521
0.133945
0.127018
0.0647229
0.0761465
0.0847093
0.103569
0.0343896
0.123688
0.0874704
0.112546
0.12204
0.0714492
0.0795011
0.109641
0.174109
0.100149
0.0545207
0.101418
0.0860713
0.100933
0.066429
0.0872037
0.0643075
0.104644
0.0542575
0.0641408
0.0854263
0.175108
0.0878725
0.179271
0.109465
0.0636235
0.0878888
0.0620824
0.151585
0.125727
0.0422222
0.115832
0.0829649
0.114545
0.0789191
0.11014
0.211089
0.121294
0.0221242
0.0539244
0.119662
0.0854571
0.0591136
0.117633
0.0521381
0.0390314
0.03881
0.0429635
0.123163
0.0278877
0.0888829
0.140995
0.132351
0.0512011
0.0757051
0.036448
0.0751068
0.100439
0.0798429
0.0598856
0.168201
0.106661
0.0914204
0.100847
0.0939301
0.139222
0.210026
0.114765
0.0842581
0.088648
0.142847
0.1967
0.153141
0.0952422
0.0405905
0.160598
0.092705
0.0896294
0.0843348
0.121204
0.102765
0.0516059
0.0804269
0.168196
0.0764509
0.135452
0.172587
0.110453
0.130263
0.134936
0.150233
0.0849724
0.120636
0.0441908
0.0741891
0.132216
0.0604593
0.0468049
0.070596
0.0891307
0.113921
0.0704368
0.0441399
0.161313
0.10332
0.0882653
0.120537
0.0311713
0.0721495
0.129358
0.0535813
0.176986
0.083017
0.107304
0.0524622
0.168821
0.0492812
0.0334175
0.0352887
0.05235
0.0326494
0.0275955
0.0424504
0.174164
0.0485488
0.125782
0.0406673
0.171217
0.0501215
0.121172
0.0529171
0.0750242
0.0582806
0.184121
0.0831395
0.118237
0.0783716
0.0460687
0.0419623
0.0379195
0.0745509
0.0623126
0.0241885
0.166228
0.041656
0.0650532
0.0462609
0.0356433
0.0867816
0.012746
0.0441582
0.122805
0.127705
0.093738
0.125666
0.0900278
0.0956861
0.0252231
0.0497334
0.124411
0.103817
0.0227067
0.0543714
0.18154
0.142594
0.140781
0.107093
0.149052
0.102338
0.0933212
0.148509
0.0301043
0.0845593
0.097518
0.085083
0.0842149
0.073887
0.118501
0.0484504
0.0743426
0.0636641
0.059684
0.0984403
0.087765
0.0161455
0.0705307
0.0428644
0.0412691
0.0650959
0.0382075
0.0444006
0.0298381
0.0983911
0.0971482
0.12354
0.0743235
0.128288
0.106652
0.0922393
0.0462964
0.0515784
0.0368593
0.110083
0.0974151
0.0729117
0.059634
0.0874553
0.0280086
0.11388
0.0831464
0.0841312
0.0394432
0.0883231
0.102732
0.0711542
0.0667686
0.0221366
0.0789275
0.0475545
0.121155
0.0661567
0.108686
0.0481276
0.0557496
0.0472338
0.0774476
0.135831
0.041889
0.133124
0.116679
0.13259
0.0669608
0.0723154
0.143241
0.162945
0.141278
0.0676492
0.119993
0.0766202
0.0669346
0.0458916
0.0615066
0.090601
0.113488
0.0494049
0.119743
0.0953087
0.0366047
0.0980258
0.221219
0.0842303
0.0508608
0.0210189
0.0706899
0.0639596
0.0863344
0.0538296
0.0664587
0.0704332
0.0747889
0.0639952
0.0600326
0.135853
0.149486
0.157262
0.147839
0.304742
0.0833305
0.103213
0.123479
0.108089
0.0713543
0.151226
0.147259
0.274284
0.0812024
0.075618
0.120401
0.0758188
0.0424194
0.175375
0.074638
0.0742068
0.128675
0.0783729
0.150985
0.126259
0.0229327
0.0542337
0.1028
0.081156
0.094951
0.0906128
0.102087
0.0868482
0.0776789
0.0638817
0.208716
0.0535666
0.03011
0.0622681
0.0507055
0.0541154
0.104659
0.11937
0.0638755
0.135165
0.0845258
0.117094
0.0495989
0.0379996
0.219074
0.12746
0.0763068
0.0987644
0.0231969
0.111619
0.110996
0.0699834
0.19609
0.137641
0.0986053
0.0815003
0.157552
0.150395
0.059656
0.0621337
0.20894
0.123913
0.0532248
0.131413
0.0833549
0.166327
0.16578
0.136966
0.12214
0.060634
0.0708087
0.0474492
0.115728
0.0845935
0.0784625
0.0993087
0.190861
0.0740791
0.117666
0.047612
0.125652
0.0369187
0.0885222
0.181359
0.0701218
0.178599
0.0920026
0.160332
0.103617
0.180482
0.161512
0.0959742
0.0612803
0.196411
0.180254
0.113008
0.176102
0.185126
0.144036
0.0726054
0.142673
0.0502858
0.083434
0.105937
0.0454322
0.19652
0.0591739
0.141534
0.0775143
0.0394897
0.141892
0.0644417
0.119302
0.0355037
0.0533312
0.172373
0.0673291
0.0588513
0.0732425
0.207366
0.141632
0.130248
0.101431
0.11838
0.0717726
0.0941688
0.0807838
0.0673224
0.0241155
0.06589
0.0821343
0.0737865
0.0500854
0.13577
0.170989
0.120119
0.0659135
0.05397
0.111717
0.180709
0.118695
0.0484157
0.0440776
0.107582
0.0402169
0.204317
0.163808
0.0994491
0.104559
0.167038
0.127417
0.166722
0.038991
0.0648466
0.0320346
0.15154
0.147953
0.0913169
0.129972
0.198541
0.11793
0.0570053
0.14884
0.0877903
0.0826008
0.0283555
0.0814519
0.0564349
0.0670839
0.0192304
0.0614909
0.0154165
0.0267554
0.0752378
0.0208697
0.0974372
0.0465886
0.171267
0.139531
0.0903879
0.155892
0.0290717
0.0588644
0.103468
0.0273323
0.130237
0.0858919
0.0975572
0.0750048
0.0695824
0.0874407
0.084761
0.0263541
0.1629
0.0814273
0.0471633
0.0299238
0.0440085
0.0523474
0.0473108
0.068824
0.0567836
0.153376
0.0831958
0.0687296
0.042196
0.0928384
0.0521133
0.0665438
0.156201
0.0706344
0.186367
0.138529
0.132427
0.141403
0.109588
0.084245
0.0492776
0.0916372
0.14793
0.0479522
0.085028
0.149795
0.12309
0.05821
0.150005
0.0870277
0.0469267
0.054998
0.0784268
0.163992
0.116124
0.0396158
0.0691144
0.0676527
0.0889507
0.0279462
0.0151199
0.150965
0.180523
0.112345
0.145204
0.0582316
0.0300353
0.173887
0.0986037
0.141329
0.0429263
0.0698736
0.0712369
0.0652943
0.0768508
0.0970096
0.180746
0.0898767
0.0543149
0.107619
0.120223
0.120722
0.133703
0.0699426
0.0470791
0.0484985
0.119369
0.0306268
0.0521498
0.0369401
0.224209
0.0516357
0.0808544
0.0221862
0.106854
0.0841085
0.0238699
0.0748854
0.145095
0.0302094
0.00995373
0.0136966
0.11598
0.0688456
0.0951424
0.0624584
0.0287351
0.0193294
0.0926474
0.0804376
0.0221472
0.07136
0.190345
0.0270537
0.0714123
0.0471495
0.0148523
0.0699491
0.0318286
0.0300273
0.0288385
0.0317212
0.0648711
0.0293571
0.0263134
0.056447
0.111813
0.055337
0.0679479
0.108249
0.151947
0.0770584
0.0936063
0.0918129
0.117578
0.106892
0.0566737
0.168195
0.0505897
0.130217
0.0538676
0.0593826
0.0934387
0.0586103
0.212101
0.100567
0.116887
0.0533
0.0480317
0.101593
0.0593694
0.0896932
0.159107
0.0971816
0.104538
0.0483841
0.0404265
0.0995827
0.0302323
0.0468743
0.0578836
0.0812831
0.0455408
0.0633007
0.0438271
0.0923428
0.150407
0.0833715
0.062451
0.112762
0.0483883
0.11057
0.102258
0.149546
0.12116
0.128453
0.251293
0.0556287
0.0488282
0.125005
0.0766275
0.0575465
0.132387
0.0633463
0.120445
0.0945406
0.177137
0.0536513
0.048479
0.0965721
0.105214
0.0842056
0.162984
0.101211
0.0649739
0.114933
0.117835
0.13821
0.0825206
0.0909112
0.213619
0.109686
0.151373
0.108457
0.110914
0.0425722
0.0825087
0.124174
0.0578331
0.0547966
0.0712738
0.11321
0.0429801
0.192836
0.276313
0.0662488
0.115735
0.13787
0.126603
0.114335
0.162078
0.0655646
0.0613871
0.0584972
0.0580694
0.128141
0.179643
0.0644686
0.222112
0.167844
0.0600181
0.0621149
0.0617933
0.0588333
0.0601661
0.112304
0.100296
0.132003
0.110827
0.0495431
0.116971
0.0639624
0.0740207
0.110287
0.163999
0.118327
0.112697
0.104969
0.056231
0.122374
0.117124
0.0571952
0.0429515
0.0571681
0.0664251
0.121339
0.0483913
0.0989462
0.147666
0.0465671
0.185216
0.106131
0.0500204
0.0972475
0.0498689
0.0554327
0.204245
0.0470736
0.0399505
0.101311
0.126522
0.0518337
0.0564359
0.0967678
0.0584928
0.0987486
0.0381299
0.0468423
0.101329
0.0521851
0.0410223
0.0954517
0.0926526
0.0437005
0.0968642
0.0907359
0.0888301
0.0858731
0.184174
0.0380425
0.0908883
0.0433
0.0343652
0.074056
0.0408708
0.0356296
0.0806594
0.0443773
0.0944784
0.034735
0.0494602
0.0844323
0.108579
0.126921
0.0847551
0.0846561
0.0755267
0.0339096
0.0364525
0.0504107
0.110097
0.0415096
0.0497262
0.121946
0.0721507
0.0396005
0.178597
0.101503
0.0383116
0.0762076
0.152981
0.119584
0.0709521
0.0424626
0.0640074
0.0345057
0.0268758
0.0415162
0.123513
0.078283
0.0329237
0.0881444
0.142645
0.0337272
0.104081
0.104953
0.0838217
0.0869439
0.127865
0.0378779
0.096456
0.181714
0.0393313
0.0362915
0.096779
0.0919727
0.131654
0.111064
0.063575
0.062893
0.0279467
0.0424529
0.0324854
0.106299
0.0597286
0.0933758
0.118105
0.153248
0.0807146
0.0795108
0.0661166
0.0746971
0.0836599
0.0822638
0.116075
0.0718872
0.0487106
0.0729006
0.0410895
0.0698576
0.0378934
0.0377797
0.0998183
0.113991
0.0319883
0.102439
0.235873
0.0285953
0.0223729
0.0978044
0.0963936
0.113825
0.0916279
0.079337
0.103331
0.0207864
0.109988
0.0711995
0.0625306
0.0856949
0.108772
0.0244994
0.10843
0.0448413
0.0165197
0.12271
0.081516
0.0773477
0.0851138
0.112287
0.0381834
0.0381756
0.0808176
0.0667142
0.0707962
0.0638036
0.141971
0.0675633
0.0570281
0.021757
0.0682492
0.0658493
0.0616529
0.100378
0.0549748
0.0338566
0.0587172
0.122251
0.0546552
0.0783566
0.0486317
0.033218
0.0965211
0.0641292
0.0497279
0.0807748
0.073529
0.0942499
0.0523761
0.0627324
0.0854411
0.0651911
0.0957119
0.082737
0.104974
0.0839589
0.0145934
0.0696422
0.0461663
0.0464113
0.110673
0.0725815
0.0673591
0.102192
0.0844019
0.0910342
0.129479
0.0406942
0.0911745
0.134227
0.11596
0.0656499
0.0508791
0.0426051
0.0780652
0.201052
0.0464364
0.016905
0.114736
0.0890987
0.05296
0.0319476
0.0275669
0.106778
0.05328
0.119493
0.113367
0.0873329
0.0340299
0.0655408
0.0388067
0.0484863
0.0205284
0.066141
0.0681214
0.0560723
0.138876
0.0727836
0.0493628
0.0819912
0.040293
0.0402791
0.0873083
0.0507435
0.0703569
0.0501176
0.0611453
0.0322113
0.0893603
0.0928935
0.0253817
0.0784201
0.0516097
0.0838666
0.172974
0.107111
0.104142
0.0220164
0.0753853
0.0514442
0.0343663
0.0639633
0.115969
0.104729
0.0616587
0.148162
0.0711701
0.0842889
0.0574979
0.0630694
0.124511
0.12251
0.18679
0.0506689
0.0367177
0.0598544
0.0467092
0.120194
0.108714
0.0477362
0.178662
0.0428116
0.0778046
0.0495574
0.15129
0.0328175
0.0630711
0.077587
0.0684843
0.12524
0.122168
0.0904412
0.0729108
0.08206
0.108992
0.0376872
0.10194
0.0919282
0.155253
0.0502642
0.14177
0.0344945
0.0596186
0.0636578
0.0491009
0.0729925
0.0534012
0.0271444
0.0651044
0.0311119
0.0583692
0.151688
0.110056
0.0546819
0.177787
0.0792076
0.0847714
0.0383694
0.0608851
0.0488226
0.0871563
0.0701319
0.0553349
0.106548
0.0435296
0.0801561
0.0615203
0.0132251
0.127294
0.0684855
0.0611635
0.107953
0.0745973
0.0729998
0.0458859
0.0479563
0.030968
0.0572013
0.0217752
0.0879105
0.00853147
0.0855366
0.0167609
0.0764873
0.103442
0.0151528
0.0136219
0.0393517
0.132081
0.0529327
0.0522348
0.0902172
0.0593591
0.170286
0.132061
0.0162583
0.0559943
0.0664219
0.0360377
0.0685541
0.1041
0.109908
0.103353
0.0179922
0.118089
0.0219203
0.101917
0.0997576
0.0565674
0.00258297
0.116429
0.0744155
0.0869208
0.0297928
0.0511083
0.110641
0.0577706
0.0424852
0.0349335
0.053827
0.00840869
0.0695107
0.0498481
0.03267
0.0446753
0.0531129
0.0882261
0.119545
0.0353361
0.042764
0.116529
0.0229701
0.071408
0.038776
0.0238002
0.0485458
0.0655407
0.0753924
0.100475
0.104685
0.0136057
0.12311
0.0968924
0.0563768
0.0685958
0.0412251
0.0423498
0.044244
0.061723
0.0974305
0.0261941
0.0480056
0.0512459
0.0748287
0.11975
0.0678095
0.104706
0.0492153
0.173013
0.0860748
0.0657909
0.0808253
0.111111
0.0643347
0.0685495
0.0447811
0.0380765
0.0560841
0.0298343
0.0497237
0.0678554
0.139903
0.051054
0.0235102
0.0425354
0.104232
0.0852719
0.0922477
0.0452209
0.0577915
0.0414881
0.0284829
0.165026
0.103344
0.0693089
0.132683
0.0314184
0.0542653
0.0723493
0.0603125
0.144674
0.0577294
0.114531
0.0386688
0.0203097
0.0810643
0.0346794
0.0923992
0.101479
0.134114
0.0717253
0.0833933
0.0495376
0.11477
0.13241
0.0830592
0.122658
0.257624
0.0302067
0.0516309
0.0228396
0.116818
0.0355057
0.0943566
0.0309217
0.0866618
0.0923471
0.127676
0.080877
0.0276286
0.105261
0.0333246
0.0325867
0.0323038
0.0813888
0.0386494
0.111123
0.0769506
0.0738062
0.0709208
0.0782911
0.0871406
0.0759965
0.0373581
0.0392941
0.0418113
0.068557
0.0391145
0.0536796
0.0867282
0.0363103
0.0380173
0.0714498
0.0436106
0.0796031
0.0763433
0.0930611
0.074632
0.100243
0.0393237
0.0407951
0.0434639
0.114561
0.0979858
0.0435352
0.0875115
0.172347
0.0432495
0.150979
0.127737
0.0485953
0.0444935
0.0766144
0.0766979
0.0469566
0.0885907
0.092615
0.0389379
0.0940191
0.0802898
0.0867895
0.0541931
0.135047
0.0787797
0.0973891
0.0443352
0.0461748
0.0930963
0.0433542
0.162993
0.0950691
0.107498
0.0541418
0.0532934
0.144116
0.145719
0.181399
0.0497946
0.138328
0.0813233
0.0538965
0.10404
0.0483223
0.100949
0.0492242
0.0532262
0.0453014
0.0474062
0.0906162
0.0479974
0.0871588
0.0880448
0.037535
0.118308
0.046112
0.0926751
0.103895
0.0368484
0.0918231
0.0927778
0.136655
0.0696122
0.0504136
0.101998
0.0822631
0.0509861
0.193467
0.0424807
0.0371739
0.171639
0.1665
0.0527902
0.117537
0.132636
0.103122
0.0927775
0.0552621
0.0879393
0.140309
0.10099
0.130995
0.162599
0.150526
0.0725784
0.15549
0.0465355
0.0430284
0.10686
0.0454767
0.0944837
0.0729072
0.0733739
0.113681
0.147084
0.119165
0.0926454
0.189812
0.145198
0.067542
0.0452327
0.0923067
0.075581
0.0365261
0.0805863
0.147059
0.0815649
0.0929066
0.0334995
0.0982967
0.0988826
0.0794014
0.0722555
0.0533067
0.041612
0.0391767
0.0686399
0.0801619
0.108027
0.0401979
0.070419
0.0845359
0.138354
0.0812643
0.109741
0.0422603
0.165255
0.0355163
0.0374067
0.0578519
0.117548
0.145196
0.025802
0.0911955
0.0577367
0.0608019
0.046987
0.154205
0.0869916
0.0949019
0.0712845
0.167725
0.226557
0.127841
0.0501078
0.094126
0.0809187
0.0938939
0.146877
0.0748604
0.0505007
0.0356957
0.132327
0.0944455
0.107523
0.223354
0.181819
0.161122
0.329851
0.246056
0.287618
0.0548134
0.167938
0.117975
0.173502
0.412317
0.0923332
0.239086
0.132883
0.452221
0.0612602
0.106742
0.0582728
0.0608369
0.0626267
0.177788
0.0631358
0.120602
0.13913
0.0749976
0.134513
0.302244
0.0696421
0.147461
0.114682
0.274241
0.0789297
0.139039
0.0435614
0.159077
0.113325
0.0837033
0.0706772
0.0366448
0.054969
0.0874405
0.1029
0.0697226
0.0779222
0.0792746
0.0528884
0.0458532
0.0392676
0.0879324
0.0172967
0.0364504
0.0605935
0.0418204
0.0583382
0.054171
0.0736343
0.0696911
0.0558982
0.0908978
0.0862614
0.0704269
0.2698
0.0794971
0.070375
0.0534281
0.203962
0.0870814
0.0719622
0.234187
0.0680259
0.048279
0.0611825
0.0673513
0.101199
0.040523
0.0771357
0.0579502
0.0423061
0.0859305
0.0322125
0.0716571
0.0834828
0.154141
0.0984523
0.127164
0.11067
0.0416707
0.0545906
0.104745
0.0696152
0.0227164
0.0506463
0.0612559
0.0712476
0.0872617
0.0446011
0.0309232
0.0591282
0.0442933
0.0392612
0.0529282
0.0393848
0.0549225
0.0156178
0.0705237
0.0831354
0.0777211
0.172142
0.0298921
0.0786082
0.0435028
0.0699474
0.0270179
0.0404436
0.123817
0.073925
0.0610032
0.051695
0.0598276
0.12827
0.0237047
0.0320155
0.107353
0.0441564
0.0360451
0.0773048
0.0340833
0.0840062
0.0961876
0.137174
0.122195
0.0438238
0.114301
0.182933
0.169058
0.158703
0.11594
0.160103
0.161515
0.166138
0.0716568
0.148831
0.164763
0.11344
0.17629
0.139218
0.162678
0.215453
0.0573597
0.22956
0.0842281
0.216513
0.11807
0.224551
0.112154
0.168115
0.0447055
0.084056
0.141216
0.0579643
0.156367
0.0998068
0.0382903
0.0583725
0.0697052
0.0396896
0.131364
0.120667
0.0952356
0.121636
0.0934288
0.0716335
0.127157
0.0514823
0.237959
0.0615199
0.044142
0.153984
0.0520588
0.130749
0.0564204
0.0586472
0.0785317
0.0595582
0.0650134
0.130488
0.0544014
0.136257
0.145084
0.14637
0.15309
0.192958
0.11954
0.0749658
0.0717242
0.0707121
0.139456
0.310823
0.0800709
0.125496
0.0779914
0.257344
0.108005
0.253249
0.0745638
0.120107
0.153547
0.0553504
0.0534354
0.0673177
0.0538811
0.0463225
0.128439
0.0445437
0.0686659
0.0502514
0.0497268
0.136218
0.0798753
0.111859
0.122291
0.135802
0.0473886
0.0849948
0.0914742
0.0435051
0.0612615
0.13964
0.11314
0.0593103
0.101014
0.118533
0.170227
0.064626
0.141987
0.058748
0.107035
0.0571238
0.0552447
0.114926
0.0433191
0.0626119
0.0958104
0.0986586
0.0465977
0.0457424
0.055144
0.0723714
0.0515971
0.0530994
0.0636774
0.0555082
0.0455444
0.122766
0.0507928
0.0477827
0.0514439
0.0621999
0.0984511
0.0526163
0.0555967
0.174567
0.0840365
0.16447
0.131133
0.0657952
0.11341
0.0408448
0.0379596
0.111699
0.105326
0.103375
0.0394754
0.212901
0.0364874
0.131196
0.148709
0.146369
0.152688
0.0488536
0.0978441
0.0443559
0.0490463
0.0437208
0.115355
0.0497974
0.0997376
0.0515479
0.134927
0.0588492
0.0991364
0.0532736
0.0973333
0.0408282
0.0432931
0.0375202
0.0477922
0.0898759
0.0930261
0.0507741
0.0366955
0.162207
0.0827629
0.0733115
0.0470514
0.02953
0.0546943
0.0701448
0.117516
0.0923124
0.0619428
0.0491782
0.0376824
0.0841929
0.0421552
0.0804542
0.0431113
0.0445911
0.0443237
0.0528028
0.0469482
0.0518428
0.093484
0.0779615
0.0379008
0.0902541
0.0962275
0.0613816
0.0606298
0.0477807
0.0482624
0.0453367
0.0696491
0.0476638
0.0996886
0.180083
0.251422
0.0534014
0.145535
0.054216
0.0956449
0.0927644
0.18687
0.120256
0.0843207
0.100142
0.0995514
0.099349
0.0607036
0.10157
0.0595643
0.106245
0.0573737
0.0684045
0.174353
0.109389
0.186016
0.0997801
0.0589053
0.0485764
0.130054
0.127794
0.051805
0.121901
0.0566585
0.120313
0.0598506
0.123471
0.115352
0.0622792
0.126093
0.137475
0.127148
0.135804
0.0710905
0.128528
0.0652272
0.121496
0.0663816
0.0579813
0.120199
0.171574
0.125739
0.0615538
0.106987
0.0732558
0.141465
0.164176
0.127711
0.126505
0.0599618
0.0591027
0.132164
0.130117
0.129552
0.130054
0.0589559
0.129998
0.130348
0.184868
0.0662381
0.135635
0.180219
0.0544142
0.0578604
0.113491
0.11854
0.056933
0.0555521
0.109964
0.057995
0.0566575
0.103443
0.125737
0.133413
0.0536697
0.044818
0.0413768
0.0530462
0.237981
0.103099
0.0495923
0.0505476
0.0482152
0.0561875
0.0479223
0.0432841
0.0608364
0.0480838
0.134072
0.0405087
0.0461292
0.0816019
0.0406304
0.0415258
0.0655366
0.0449746
0.0399015
0.0893028
0.0389236
0.0366413
0.103379
0.120355
0.100024
0.0431642
0.117405
0.101377
0.0389294
0.0515825
0.12551
0.0942291
0.0638629
0.0499367
0.0475664
0.139256
0.0985294
0.0494699
0.0440867
0.185657
0.101422
0.138496
0.0644577
0.0505723
0.156647
0.0572988
0.195244
0.0736713
0.175284
0.127738
0.0444613
0.11387
0.17222
0.122838
0.142157
0.0484911
0.0993209
0.0534332
0.0543194
0.104629
0.0364007
0.055572
0.0764895
0.0656619
0.0849531
0.0412545
0.128062
0.0492436
0.074912
0.0485085
0.0508182
0.0984633
0.0529118
0.0344509
0.0369631
0.0750999
0.121063
0.0783195
0.0344009
0.0456804
0.079312
0.0472778
0.0824081
0.0426971
0.0592784
0.140612
0.125802
0.175956
0.16561
0.108995
0.0858012
0.0807847
0.0581219
0.0815838
0.0964427
0.0579305
0.0442877
0.0505039
0.0491042
0.0468338
0.0885294
0.0963705
0.135799
0.0351975
0.124037
0.160758
0.052943
0.160019
0.0577068
0.130358
0.0676592
0.130632
0.0376642
0.0502213
0.150603
0.0845552
0.0473644
0.0396367
0.158026
0.0460882
0.0428174
0.0851691
0.0378266
0.0570982
0.0483344
0.156927
0.0536656
0.0452539
0.039351
0.115628
0.05766
0.0413079
0.0787677
0.0794429
0.0620589
0.0952498
0.185027
0.0363315
0.0495045
0.074985
0.0963396
0.0753572
0.0421628
0.108273
0.216358
0.0493445
0.0728541
0.101306
0.144609
0.0414618
0.0449514
0.0767888
0.0946043
0.0394059
0.050501
0.103934
0.187809
0.129346
0.0431966
0.0932095
0.0479167
0.0445058
0.0765371
0.0928018
0.0899205
0.0336209
0.0825532
0.0905546
0.09273
0.116034
0.102022
0.0951619
0.0866258
0.0637191
0.147906
0.104047
0.0348136
0.0364566
0.133939
0.0358742
0.0351874
0.0798649
0.0869041
0.117402
0.0805712
0.151791
0.0756175
0.0371295
0.0493014
0.120881
0.0411483
0.170529
0.101348
0.0554578
0.176802
0.134764
0.0305179
0.0356942
0.0452485
0.0797636
0.0831135
0.0841331
0.0978904
0.0650818
0.0354067
0.0167034
0.117538
0.0906886
0.0907336
0.0575819
0.155574
0.0506925
0.0278949
0.0282299
0.049632
0.0336154
0.0860474
0.0304769
0.0346995
0.0401588
0.0872692
0.0353957
0.114131
0.0588095
0.125115
0.0500429
0.115361
0.0772006
0.0712886
0.030838
0.074045
0.031714
0.065332
0.065148
0.0682598
0.0718235
0.0362329
0.0404924
0.072664
0.0720795
0.0330685
0.0438549
0.105648
0.0775831
0.0416391
0.0921688
0.0476525
0.0432365
0.12565
0.0838292
0.103388
0.0648549
0.0700122
0.0730145
0.0762872
0.0337892
0.038824
0.0441998
0.0270035
0.0480685
0.0793329
0.0501654
0.0471519
0.19322
0.0463229
0.0477083
0.0541198
0.0982641
0.0918561
0.0382507
0.0442719
0.0455921
0.0458533
0.109993
0.0558968
0.105137
0.154213
0.117366
0.095976
0.0407582
0.0442132
0.0515115
0.100803
0.116767
0.0547176
0.159406
0.0995545
0.100679
0.109082
0.164039
0.0516428
0.0625586
0.165904
0.107427
0.105404
0.163851
0.114314
0.122452
0.0445938
0.06288
0.0549932
0.161953
0.0550252
0.0572177
0.0597768
0.162092
0.0517083
0.0528671
0.0976749
0.100553
0.0514038
0.0462869
0.0483045
0.0947313
0.0492154
0.152812
0.106999
0.104401
0.047835
0.112503
0.118466
0.118875
0.0554157
0.153771
0.112728
0.10701
0.108142
0.106123
0.098326
0.112766
0.0579036
0.103193
0.0987999
0.0453865
0.0460341
0.0415736
0.0429249
0.0499896
0.09022
0.0400415
0.098614
0.0980202
0.141593
0.0978179
0.0560833
0.0599002
0.0547604
0.0523601
0.0540334
0.0973712
0.086988
0.107147
0.0980739
0.0941255
0.0514435
0.0652264
0.106887
0.0892654
0.110454
0.142149
0.0445696
0.194481
0.0591414
0.0518961
0.105944
0.152305
0.0983309
0.0581834
0.0520993
0.0457059
0.0982051
0.0545583
0.048874
0.0969627
0.0956626
0.0533137
0.149548
0.210291
0.0547215
0.0523924
0.15928
0.0790011
0.0502794
0.0979847
0.0472676
0.0441128
0.0440704
0.10611
0.0815983
0.0490201
0.0896223
0.135099
0.0956779
0.0324533
0.0526285
0.132642
0.042077
0.0757865
0.041297
0.0319802
0.0699473
0.0496324
0.0506219
0.120411
0.0361873
0.0361896
0.0428069
0.046917
0.0394759
0.0609045
0.0716434
0.0322709
0.0973706
0.0389699
0.116548
0.0502626
0.097553
0.0548515
0.0952294
0.0996827
0.0923537
0.113881
0.102228
0.0513153
0.0522618
0.030223
0.0418428
0.0831345
0.0481613
0.153878
0.0290311
0.0588367
0.0417629
0.0716535
0.0599637
0.150016
0.0306897
0.034296
0.118252
0.0979145
0.0444702
0.0397845
0.101959
0.172041
0.0962717
0.101688
0.0560271
0.0758685
0.0930794
0.092645
0.0950348
0.0529688
0.0663938
0.0324718
0.0748872
0.107217
0.0812959
0.0973205
0.0347942
0.0864451
0.13711
0.127336
0.0351578
0.08349
0.0389115
0.100329
0.0498759
0.0721653
0.0799869
0.053775
0.0397184
0.0406862
0.103451
0.062475
0.125994
0.0965075
0.042217
0.0387488
0.0310741
0.0855024
0.0697352
0.0474328
0.0467993
0.0376393
0.0339306
0.0502235
0.0428591
0.0992404
0.094792
0.183476
0.119055
0.12812
0.0747106
0.0868256
0.0999826
0.0831118
0.0408346
0.0700003
0.05083
0.0414494
0.0455045
0.0521488
0.0489552
0.0345739
0.0944402
0.0940024
0.0527091
0.102551
0.0861191
0.0504185
0.107087
0.109789
0.0505759
0.0535111
0.140398
0.103133
0.104988
0.0926683
0.0803362
0.0466157
0.0541578
0.0503793
0.0406261
0.0930241
0.0487977
0.0506415
0.107615
0.152658
0.0705513
0.0580292
0.0421169
0.0969434
0.0526543
0.110964
0.159953
0.211873
0.0535511
0.0515737
0.0412913
0.0481231
0.0495376
0.0539239
0.117684
0.0451299
0.0462159
0.0529003
0.121617
0.116139
0.101006
0.109755
0.0474623
0.0405557
0.0515746
0.106783
0.173431
0.0617699
0.115939
0.0594853
0.162746
0.163076
0.0662546
0.0946088
0.1893
0.041867
0.0324289
0.0874436
0.0319325
0.0889398
0.0409039
0.10954
0.0265362
0.0680482
0.0305283
0.0862206
0.094982
0.130002
0.101465
0.0912849
0.0120202
0.064073
0.0187722
0.0954154
0.0474715
0.029932
0.0265244
0.0924024
0.0287822
0.0735445
0.0655939
0.0912629
0.13821
0.0806409
0.12105
0.149088
0.0383311
0.0409341
0.0543027
0.0514042
0.0869091
0.0266974
0.0383317
0.0584394
0.0619597
0.0408755
0.0239823
0.0618184
0.0744384
0.0822362
0.0574913
0.027959
0.0524547
0.130536
0.0648773
0.0312598
0.11823
0.06796
0.0432347
0.0904924
0.0568274
0.0937557
0.0290501
0.0633567
0.079386
0.0537055
0.028577
0.0291801
0.0778024
0.0614218
0.0389916
0.0595707
0.0276408
0.0490631
0.0693937
0.00398649
0.0465048
0.0542925
0.0162733
0.00623899
0.0157721
0.0282352
0.0790916
0.103107
0.0635243
0.0193067
0.0168689
0.0116092
0.0939165
0.0446455
0.015582
0.10316
0.0650305
0.0253588
0.10607
0.0892979
0.0727572
0.145445
0.129044
0.0403598
0.0595505
0.135773
0.0393412
0.0699354
0.0351387
0.0830013
0.0408682
0.0468055
0.061087
0.0662633
0.129899
0.185594
0.106328
0.120844
0.101844
0.0900617
0.0409207
0.059342
0.0668212
0.0610949
0.143949
0.099204
0.0760034
0.0504885
0.0354554
0.0739696
0.0687404
0.117709
0.046131
0.0584777
0.155074
0.115538
0.0294495
0.0921799
0.112603
0.0312224
0.070816
0.107661
0.0671891
0.0798412
0.057882
0.051511
0.0512524
0.118665
0.270713
0.069617
0.043255
0.076087
0.0441638
0.0339061
0.0805825
0.0494517
0.11007
0.129359
0.0571091
0.161403
0.1042
0.0326998
0.0458456
0.0289935
0.118742
0.0561561
0.267738
0.0445243
0.120334
0.10486
0.0561883
0.0507764
0.0688221
0.0897342
0.0717306
0.090579
0.0219396
0.122132
0.0360264
0.105821
0.04431
0.0474016
0.14285
0.117362
0.0387164
0.0746652
0.190952
0.0755638
0.0455308
0.0838058
0.0485328
0.039063
0.151578
0.0948085
0.0521173
0.0761483
0.111658
0.0452439
0.0980945
0.0903762
0.0933865
0.0461244
0.0484603
0.12442
0.11417
0.178735
0.138409
0.199341
0.0452708
0.140239
0.0480083
0.0402141
0.142236
0.0851961
0.0905055
0.0371351
0.0488425
0.0448607
0.0634026
0.0474366
0.0444934
0.0904394
0.0520368
0.084867
0.0447413
0.0790589
0.0450877
0.0945554
0.102984
0.105155
0.0473511
0.0516972
0.141618
0.106364
0.0531883
0.116857
0.0972932
0.0846892
0.100337
0.0537306
0.0567848
0.044469
0.0535704
0.0380165
0.28848
0.0487408
0.185149
0.0804313
0.209596
0.212399
0.134903
0.123238
0.132821
0.190022
0.128169
0.225175
0.112771
0.0621395
0.0932223
0.160368
0.138183
0.208774
0.0664557
0.0731003
0.0628405
0.2566
0.0617667
0.068775
0.39943
0.0595406
0.11256
0.0667086
0.100623
0.127836
0.1792
0.217604
0.134984
0.127743
0.0712554
0.198999
0.078306
0.109183
0.107978
0.103036
0.0600151
0.0456878
0.126671
0.11174
0.196195
0.123147
0.0499363
0.16562
0.0477507
0.0404135
0.0398351
0.0394806
0.0367062
0.0838047
0.0893156
0.069239
0.18907
0.0564629
0.212997
0.0566699
0.181866
0.183294
0.176219
0.0562878
0.0553358
0.129146
0.155432
0.107329
0.126296
0.121072
0.121396
0.106541
0.106488
0.0671101
0.0561839
0.123441
0.0498597
0.0769868
0.0649764
0.148544
0.135907
0.209558
0.0996888
0.0651942
0.132468
0.0572928
0.0445465
0.0543506
0.29342
0.0847818
0.0482268
0.0351894
0.0442094
0.0803207
0.0930792
0.0596718
0.0873225
0.057283
0.10193
0.0562908
0.118501
0.163296
0.059179
0.107695
0.0520577
0.105485
0.0400314
0.12504
0.109977
0.108449
0.0713967
0.104199
0.0388561
0.116435
0.0460517
0.0791277
0.0401558
0.167508
0.125708
0.235304
0.0535365
0.0832916
0.115225
0.0890378
0.136971
0.167264
0.0884972
0.0497531
0.122889
0.0417522
0.0931525
0.124437
0.123873
0.0410106
0.0890674
0.0798564
0.0491246
0.112027
0.0454074
0.187491
0.0761579
0.0478865
0.103474
0.0766903
0.120191
0.0412497
0.0610205
0.060596
0.0932839
0.0451656
0.229925
0.101386
0.0599147
0.0586971
0.0757683
0.0942202
0.043371
0.0367321
0.108344
0.0916017
0.0318613
0.0767225
0.0644427
0.0486176
0.0905317
0.133999
0.0321367
0.0456917
0.0955821
0.121274
0.0491979
0.0340023
0.114693
0.0554431
0.0505444
0.121032
0.119747
0.156535
0.153863
0.109985
0.11703
0.114572
0.10307
0.0516939
0.124636
0.110436
0.0606358
0.124216
0.0560668
0.0541022
0.119815
0.217302
0.063753
0.0607005
0.0639877
0.117223
0.117563
0.117668
0.0566105
0.124317
0.0605169
0.218808
0.0573184
0.118346
0.0586703
0.173911
0.0592116
0.0513448
0.112034
0.0606821
0.23763
0.114574
0.0653425
0.0613052
0.120559
0.180954
0.181195
0.0578981
0.115154
0.120308
0.0624816
0.12349
0.253975
0.0559419
0.0528747
0.0541675
0.124675
0.0945491
0.0548155
0.0660408
0.118872
0.127519
0.116637
0.142461
0.0682498
0.144617
0.112443
0.121501
0.0528986
0.118023
0.0597221
0.131569
0.0685585
0.328799
0.0582426
0.14136
0.0680075
0.0649665
0.207791
0.127502
0.134832
0.120522
0.13581
0.117055
0.12213
0.19202
0.065005
0.0668545
0.0684517
0.126619
0.153211
0.0605415
0.116205
0.193419
0.0629344
0.134446
0.128287
0.159667
0.0648183
0.0722621
0.12545
0.120475
0.126722
0.181277
0.115758
0.185622
0.122614
0.11608
0.0732691
0.0610826
0.168569
0.194842
0.125321
0.140322
0.134408
0.0652035
0.0644994
0.0494802
0.0565752
0.14082
0.0605619
0.0528733
0.201758
0.0283423
0.0418398
0.0411119
0.053518
0.0813339
0.177211
0.0328076
0.0272828
0.06193
0.0398822
0.0441111
0.171122
0.0549546
0.14162
0.0566105
0.109818
0.0532894
0.0517593
0.112668
0.0583211
0.0626129
0.0427901
0.140006
0.115616
0.0730361
0.0489607
0.0650026
0.0588575
0.0507318
0.103083
0.0558989
0.116992
0.0621261
0.159451
0.0542128
0.0574985
0.0950441
0.0576368
0.11318
0.115776
0.0534865
0.108211
0.0579929
0.0545992
0.0510655
0.0627004
0.198956
0.113442
0.105073
0.113057
0.187179
0.119643
0.114876
0.106816
0.1032
0.0486249
0.0971959
0.0415912
0.0929439
0.057591
0.0566455
0.145206
0.0429208
0.0530012
0.104882
0.142862
0.10034
0.0980106
0.0520743
0.100551
0.166105
0.0520751
0.0965098
0.0570295
0.178759
0.111284
0.0524701
0.0924768
0.115242
0.0394317
0.0898274
0.0416534
0.0985929
0.152513
0.102804
0.0448075
0.0970813
0.0512229
0.0545548
0.0545621
0.037031
0.0772811
0.0476327
0.112615
0.0521313
0.11669
0.0938484
0.138541
0.0471217
0.0453696
0.0875097
0.0901092
0.0903313
0.0504122
0.0513757
0.0821867
0.202086
0.0472094
0.0834895
0.0365241
0.0413256
0.0487725
0.0455384
0.0494689
0.0881081
0.0417645
0.0829935
0.202782
0.0439404
0.0446684
0.0866975
0.0457899
0.105957
0.0683094
0.0347559
0.0606773
0.0743749
0.0569823
0.0768485
0.0385186
0.10536
0.0718954
0.0361949
0.0327264
0.112488
0.0662636
0.0297429
0.0423175
0.0334334
0.0389165
0.069156
0.0385948
0.0645606
0.0388451
0.0320238
0.0710651
0.0400516
0.0643884
0.0762451
0.0801396
0.0408552
0.0379565
0.0421441
0.0724413
0.0445848
0.157279
0.0756042
0.0373214
0.120344
0.0398603
0.0457703
0.113283
0.0482947
0.0922948
0.0718962
0.106796
0.0766404
0.125071
0.0968823
0.121908
0.0559594
0.182477
0.140084
0.0380832
0.0477089
0.0935279
0.0496201
0.0941136
0.0930654
0.0707163
0.0906441
0.0776465
0.0860848
0.0719337
0.0477959
0.0541462
0.100007
0.0528673
0.11439
0.0484681
0.0495855
0.05561
0.115538
0.0561466
0.0460574
0.0607388
0.0600715
0.0524078
0.153411
0.052624
0.0610461
0.0611396
0.0533658
0.0585137
0.109729
0.127428
0.10563
0.0624233
0.0741856
0.066548
0.109233
0.0621239
0.135118
0.1124
0.119759
0.0542207
0.0478344
0.111029
0.134792
0.0841978
0.0923338
0.0717811
0.09459
0.097788
0.0903443
0.0932557
0.144476
0.0765346
0.0480653
0.0501015
0.112661
0.0324883
0.0348607
0.0992976
0.11177
0.133759
0.116206
0.0404033
0.0965294
0.0691501
0.16739
0.0703623
0.0376491
0.0365062
0.171291
0.0497113
0.0618938
0.111114
0.0516963
0.110895
0.0539261
0.0713671
0.0782044
0.065834
0.0862038
0.0395833
0.0453673
0.0735878
0.146508
0.0383229
0.0376635
0.0349701
0.113464
0.0956456
0.0878873
0.124761
0.0496848
0.0651355
0.119293
0.0655393
0.0361638
0.135036
0.023181
0.0358374
0.0716264
0.0814657
0.0911989
0.0367843
0.038863
0.0334981
0.038344
0.103457
0.0436058
0.189007
0.173822
0.0385602
0.0411467
0.175647
0.038249
0.0411211
0.0458631
0.0446084
0.142731
0.0359145
0.115065
0.131435
0.0880268
0.0464967
0.0258488
0.0545588
0.0499918
0.0920508
0.0459885
0.0443051
0.0565277
0.100904
0.0517902
0.0766744
0.12268
0.0444792
0.100854
0.0480719
0.101071
0.0548725
0.236374
0.108017
0.0461007
0.129191
0.0613603
0.061728
0.0614299
0.16581
0.180999
0.067546
0.0629204
0.0515001
0.0944285
0.0480437
0.144018
0.116494
0.161818
0.0692351
0.185581
0.060803
0.25523
0.0628382
0.223539
0.0621291
0.0569985
0.119399
0.11578
0.0654394
0.139874
0.275144
0.125696
0.106946
0.105704
0.131808
0.061643
0.133281
0.159776
0.177172
0.11695
0.131911
0.0632988
0.175929
0.124899
0.058508
0.117486
0.165287
0.0819392
0.055144
0.173515
0.058005
0.0534891
0.108952
0.0621153
0.112002
0.0570081
0.045972
0.0535504
0.0493881
0.125118
0.127521
0.0531763
0.100792
0.157211
0.0946254
0.117453
0.10116
0.118011
0.157357
0.159738
0.13008
0.0356043
0.0861483
0.0530646
0.0492856
0.0426618
0.0887379
0.137609
0.0415861
0.128332
0.0654309
0.0864462
0.221764
0.0514719
0.0417495
0.0408596
0.0418269
0.047817
0.152954
0.0278963
0.0667301
0.0495472
0.0983014
0.0937098
0.105094
0.0437367
0.064591
0.0671371
0.0952709
0.0800392
0.0533593
0.0438034
0.190123
0.112493
0.0349621
0.0407884
0.0601002
0.0175372
0.0235964
0.0916317
0.125091
0.0564227
0.0898311
0.0871362
0.0455676
0.12163
0.0997819
0.138943
0.274115
0.0918563
0.0864017
0.0312678
0.131135
0.0684962
0.075788
0.0381624
0.0811076
0.0726121
0.147963
0.0315529
0.119262
0.0698613
0.0272981
0.0951035
0.059146
0.0660412
0.116922
0.105606
0.0201909
0.0230803
0.0407937
0.0357405
0.0286747
0.136055
0.0963929
0.0588102
0.0544922
0.194498
0.0963443
0.053209
0.0615071
0.0349803
0.0601799
0.0671339
0.0325883
0.0277013
0.110055
0.052977
0.0944403
0.0234079
0.0784078
0.0430834
0.0581356
0.0666445
0.0346592
0.0415252
0.0955342
0.0578992
0.0416526
0.137896
0.0762673
0.0629603
0.0747057
0.077159
0.0311337
0.0882867
0.0659465
0.0589899
0.0655008
0.110551
0.0552216
0.0884395
0.117588
0.0420753
0.0641835
0.056226
0.0557774
0.121599
0.184672
0.126889
0.161992
0.0242724
0.057872
0.0644565
0.0889661
0.0344377
0.030386
0.0269005
0.0610628
0.0315965
0.0589464
0.0575103
0.0333975
0.120286
0.0855899
0.0893809
0.124616
0.137644
0.0597026
0.0521667
0.121472
0.135464
0.0271686
0.019816
0.0669127
0.0367725
0.0647806
0.0402077
0.138847
0.11226
0.146373
0.15156
0.0403379
0.0506834
0.0542165
0.0559461
0.0697443
0.0480087
0.0373847
0.0734621
0.0554142
0.0842441
0.030357
0.0662024
0.0821586
0.0967467
0.0825399
0.141037
0.0881802
0.0751563
0.0847304
0.0876239
0.0579149
0.0779816
0.128112
0.0928615
0.0418238
0.0719055
0.0817271
0.0807535
0.135019
0.155332
0.135304
0.141323
0.0346251
0.158987
0.0970938
0.0770028
0.077535
0.0388372
0.125213
0.0975789
0.0857119
0.0796002
0.152553
0.0391654
0.0807731
0.0318146
0.112999
0.121131
0.0475187
0.107629
0.0930173
0.0604711
0.214246
0.0364944
0.0872637
0.0322675
0.119299
0.0340032
0.0327555
0.117748
0.140158
0.0257645
0.080914
0.112745
0.1704
0.145943
0.0323128
0.0264481
0.0759308
0.127696
0.189125
0.0966511
0.0392943
0.158245
0.0727801
0.137509
0.0911809
0.148626
0.238327
0.0588669
0.0855225
0.0534211
0.0692187
0.0770137
0.10523
0.0679833
0.149024
0.0931506
0.0538266
0.0745141
0.0718989
0.144239
0.133761
0.147728
0.0408975
0.0796051
0.0389863
0.0883598
0.0460759
0.0882876
0.0770222
0.0923877
0.0855202
0.0571655
0.138756
0.0757051
0.0797536
0.151819
0.0376865
0.0687414
0.0918484
0.0368327
0.0401912
0.11312
0.124074
0.0397229
0.0465176
0.114923
0.0503873
0.0734598
0.0644216
0.0834241
0.095988
0.0386842
0.0242713
0.114345
0.0457729
0.0641531
0.0461225
0.0600687
0.0410136
0.0486968
0.045948
0.0427978
0.0365251
0.104623
0.0462223
0.0416437
0.0429302
0.0501714
0.0422782
0.0701176
0.0502383
0.0475112
0.100878
0.0967613
0.0507008
0.0532793
0.0961878
0.107726
0.0452619
0.0587899
0.0413966
0.0544228
0.03465
0.0442533
0.0508212
0.0422063
0.0432397
0.0932076
0.0367126
0.0888964
0.0344786
0.126992
0.0519789
0.0520884
0.0473964
0.0834803
0.0667898
0.0390121
0.0393278
0.0375836
0.0924365
0.0740636
0.0352736
0.035065
0.152988
0.0447696
0.0596647
0.0537633
0.169249
0.0509469
0.049457
0.0546791
0.0526877
0.0893867
0.0356608
0.0547219
0.0516016
0.0968292
0.0557802
0.113792
0.103382
0.0435839
0.0970991
0.0999975
0.0874807
0.108591
0.114016
0.102556
0.122869
0.125251
0.0546196
0.111717
0.110126
0.0542484
0.0609917
0.110974
0.0589695
0.059909
0.118661
0.0612129
0.109375
0.0598572
0.059039
0.0620763
0.19326
0.120157
0.0588034
0.165208
0.0684523
0.126859
0.0632183
0.0597975
0.201774
0.185564
0.0749592
0.125283
0.0601742
0.0581241
0.0602459
0.187286
0.247071
0.0545231
0.090058
0.12586
0.0585876
0.0563652
0.0637128
0.0613764
0.0571147
0.0546347
0.124885
0.0508448
0.0503051
0.046907
0.129217
0.0701482
0.0637386
0.0609158
0.0672499
0.0560183
0.0614008
0.0624368
0.113849
0.114304
0.0596539
0.0594347
0.0409367
0.155075
0.0555706
0.0548455
0.046971
0.081833
0.0996977
0.133103
0.0939103
0.0541021
0.175708
0.0455507
0.0547334
0.0636487
0.0679914
0.0587843
0.0713478
0.0519202
0.0499348
0.0976701
0.0778119
0.0911191
0.159532
0.0533746
0.0756799
0.146665
0.117552
0.0994696
0.164004
0.0597428
0.0446112
0.0928186
0.109131
0.0459718
0.0627433
0.108935
0.183921
0.127283
0.0606925
0.0424652
0.0969524
0.100335
0.0413582
0.136066
0.0546947
0.0943627
0.136466
0.098257
0.0584097
0.0674674
0.110803
0.0510289
0.104266
0.124342
0.109697
0.139278
0.0520811
0.111771
0.0930439
0.0383145
0.0443809
0.102222
0.0427204
0.0397057
0.141001
0.0422444
0.030246
0.081944
0.0931322
0.0850838
0.113463
0.202411
0.121564
0.0371407
0.0468117
0.13338
0.192942
0.117235
0.0983253
0.0537085
0.100585
0.11638
0.0385311
0.0727306
0.0863091
0.154326
0.0999856
0.127924
0.0809101
0.0897746
0.125608
0.0786023
0.146889
0.106814
0.080672
0.0690535
0.0963438
0.124374
0.0350898
0.110202
0.0301806
0.099166
0.106454
0.0982259
0.125705
0.0874111
0.0535411
0.129064
0.023866
0.100785
0.0919098
0.0723402
0.0914202
0.091392
0.0691737
0.10386
0.0912494
0.138427
0.0927239
0.153922
0.0837847
0.141326
0.0863413
0.0973444
0.0457315
0.0978672
0.0679046
0.0770938
0.154431
0.0647843
0.0742976
0.102664
0.0743979
0.0480178
0.0635677
0.0886101
0.103506
0.119716
0.0928309
0.0801555
0.248297
0.131963
0.0766359
0.0826715
0.136845
0.0361145
0.126238
0.0696417
0.148044
0.0835884
0.0744641
0.0683011
0.0742671
0.182903
0.106228
0.0696784
0.0847349
0.109162
0.100487
0.0765593
0.0179868
0.04233
0.0163248
0.075143
0.0659531
0.0500099
0.106796
0.0736845
0.0298116
0.211126
0.0724496
0.0912177
0.0722925
0.0589386
0.0602149
0.135064
0.0479268
0.0510748
0.0882481
0.0462154
0.0671779
0.0603798
0.0626478
0.0219453
0.0626679
0.0539128
0.0412668
0.0314952
0.0657541
0.113373
0.0404042
0.11249
0.120963
0.152806
0.0721585
0.104886
0.0581763
0.0974181
0.0834438
0.0814544
0.141405
0.0611232
0.109374
0.061586
0.0304837
0.129965
0.0966667
0.0971336
0.0890615
0.0716769
0.0713154
0.0749708
0.0910524
0.0666484
0.0752932
0.112565
0.0818144
0.17744
0.0563137
0.128172
0.0822838
0.0857915
0.0732078
0.0539431
0.113629
0.107096
0.0497348
0.119763
0.134644
0.158013
0.0282494
0.0387535
0.0488601
0.0289747
0.0901537
0.0249023
0.0577632
0.0826979
0.116094
0.104438
0.0888625
0.110293
0.0743602
0.0365746
0.104858
0.0583312
0.0475237
0.0568265
0.0351999
0.115123
0.0758198
0.102815
0.0965198
0.0971158
0.0710597
0.144303
0.0491126
0.0461458
0.135187
0.0845881
0.0691589
0.107726
0.0531324
0.0467663
0.143822
0.118105
0.0779544
0.104336
0.0224605
0.0881021
0.148678
0.0188051
0.0440547
0.0434924
0.0260302
0.0626943
0.0291389
0.104132
0.0415926
0.0943123
0.100938
0.0909319
0.0382172
0.0230133
0.16402
0.0694571
0.0417356
0.0314669
0.0560038
0.0754374
0.132392
0.0483962
0.0583689
0.0695548
0.0295568
0.081952
0.0800501
0.054568
0.0695873
0.0168778
0.0332794
0.0785049
0.0384533
0.0331511
0.0665675
0.124517
0.0631684
0.110104
0.0336327
0.0454694
0.11195
0.0884288
0.0290041
0.101264
0.139496
0.0840933
0.0527803
0.0469884
0.0161403
0.0361384
0.164785
0.0551649
0.122878
0.1134
0.111797
0.17481
0.0789008
0.166758
0.0482475
0.0583389
0.0318321
0.162526
0.0759804
0.0497202
0.101126
0.0527099
0.0859395
0.07635
0.0787415
0.165941
0.0953629
0.0781858
0.0336132
0.0882192
0.0573539
0.108007
0.0328002
0.0522258
0.139093
0.0746799
0.0191068
0.0162662
0.0384496
0.0130084
0.0229951
0.0326476
0.0315163
0.0872093
0.0750434
0.0609029
0.0139905
0.0100666
0.157674
0.0130023
0.0627863
0.267942
0.0681259
0.0213933
0.0464987
0.041632
0.133152
0.0644345
0.0773306
0.0635948
0.0958028
0.104912
0.10793
0.133831
0.0404402
0.111275
0.0923124
0.0665582
0.116022
0.0550269
0.146366
0.062632
0.0918271
0.12289
0.173981
0.059344
0.0502096
0.21424
0.0470413
0.109163
0.135211
0.0406392
0.0576106
0.290804
0.0501232
0.0952473
0.0871253
0.201424
0.123749
0.101625
0.0845726
0.120567
0.168323
0.169312
0.0760394
0.122772
0.12166
0.0540948
0.0551947
0.154913
0.137351
0.150563
0.167615
0.0779258
0.0872995
0.0854284
0.164578
0.126697
0.0433032
0.0845799
0.152778
0.0656544
0.0534773
0.0644343
0.0718923
0.067382
0.042479
0.0940677
0.129234
0.130086
0.0855538
0.0925825
0.073287
0.12049
0.0882053
0.074245
0.0428118
0.140353
0.100955
0.0679175
0.0623678
0.0481366
0.0959545
0.0815744
0.0431685
0.0964082
0.212752
0.106437
0.0436243
0.0625619
0.166712
0.0631018
0.0976496
0.103213
0.0516534
0.0608831
0.114112
0.0911145
0.0499696
0.051045
0.0551198
0.0491919
0.0637394
0.10921
0.050124
0.0487683
0.0441997
0.0392
0.0431091
0.0510359
0.140937
0.100202
0.133689
0.0992584
0.127787
0.0474715
0.0440104
0.101051
0.0783736
0.0527511
0.0950129
0.180976
0.0515735
0.169374
0.0641029
0.155937
0.123556
0.0595529
0.0585138
0.117833
0.110208
0.064247
0.134117
0.131872
0.0668886
0.129827
0.064338
0.123649
0.0581619
0.0567588
0.0564914
0.0549663
0.109144
0.0617907
0.0579406
0.0598158
0.116292
0.114442
0.059214
0.130135
0.197511
0.0619856
0.180523
0.116451
0.0636842
0.183739
0.0671452
0.251857
0.0580455
0.122123
0.120053
0.138449
0.0664279
0.176355
0.122367
0.128036
0.130324
0.198493
0.157737
0.198694
0.125544
0.0693328
0.129524
0.0633262
0.0621613
0.0997137
0.115822
0.121321
0.0609891
0.241257
0.127542
0.253843
0.0650896
0.120597
0.105219
0.118272
0.115042
0.167945
0.179672
0.113813
0.0657346
0.127498
0.12628
0.188275
0.117406
0.0642607
0.175132
0.169597
0.0604647
0.116416
0.19636
0.178284
0.124578
0.0620755
0.126859
0.123141
0.120404
0.191708
0.179401
0.114123
0.19268
0.0650149
0.0457146
0.117829
0.132951
0.127743
0.1368
0.172804
0.173987
0.129116
0.126943
0.131521
0.122239
0.214965
0.0678394
0.0632476
0.127092
0.124158
0.131482
0.202307
0.204997
0.0694067
0.0685404
0.208226
0.0651052
0.113213
0.0674575
0.130861
0.0634148
0.18847
0.0576617
0.0651361
0.124827
0.0664571
0.128186
0.115629
0.114655
0.163084
0.124648
0.126069
0.0715318
0.0683919
0.0601024
0.0618061
0.121014
0.114933
0.112039
0.115368
0.158767
0.117373
0.100271
0.10711
0.232262
0.0497862
0.106554
0.11392
0.11597
0.123179
0.0549088
0.0597236
0.17944
0.0455302
0.0593473
0.105597
0.130534
0.118912
0.0834266
0.0969409
0.108435
0.104941
0.100123
0.0938691
0.153482
0.0545924
0.0937419
0.0871749
0.054912
0.0989237
0.114839
0.0458236
0.102432
0.0952856
0.0512146
0.0924283
0.0776026
0.167494
0.124413
0.0447427
0.0459488
0.0494326
0.105976
0.0961168
0.0506157
0.0552788
0.170231
0.0416672
0.0446327
0.0952377
0.0447672
0.0972698
0.0488665
0.0456058
0.115336
0.0497637
0.0997521
0.0559126
0.145049
0.120431
0.0532141
0.101567
0.0562181
0.106921
0.0505906
0.0443103
0.104585
0.140819
0.0411981
0.0908844
0.0479132
0.0547272
0.123141
0.0446325
0.131017
0.100421
0.141095
0.0482728
0.136232
0.115027
0.0957819
0.0911701
0.0430676
0.166113
0.129522
0.0774446
0.0867482
0.0365444
0.115828
0.0496892
0.12998
0.132264
0.0989384
0.0416582
0.0402177
0.0399033
0.0847264
0.0273042
0.0408859
0.0374486
0.0327103
0.102871
0.0901476
0.0417629
0.0367402
0.0402855
0.0419145
0.161688
0.0835645
0.0368533
0.0779225
0.10146
0.0356439
0.0585297
0.0461676
0.0708749
0.0407062
0.0336534
0.0292405
0.0782052
0.082112
0.0660521
0.135702
0.0301768
0.0717712
0.0518019
0.0279334
0.0604734
0.121397
0.0733416
0.0297896
0.0871442
0.0238927
0.0619619
0.0456622
0.0707786
0.0168822
0.0328956
0.0393913
0.040819
0.0156604
0.0775024
0.0304869
0.0593606
0.0840809
0.0490827
0.0680495
0.0302314
0.0367565
0.0352058
0.150754
0.124716
0.0794193
0.0477175
0.0880816
0.100973
0.0226139
0.0455451
0.0626667
0.0524353
0.0325285
0.0852851
0.0484742
0.0552894
0.0287249
0.035237
0.0293274
0.0344817
0.0578806
0.0348553
0.0656942
0.0659434
0.0302653
0.0368508
0.0348491
0.0527229
0.0965526
0.0609131
0.0477296
0.0378101
0.112318
0.0480489
0.0435584
0.0776956
0.0381365
0.0383999
0.0992214
0.0303968
0.0826543
0.042123
0.0409679
0.0376516
0.0342244
0.0699199
0.0775703
0.0338773
0.0322031
0.0273013
0.113048
0.0393227
0.0775713
0.0773855
0.0857581
0.0484533
0.146176
0.0483624
0.0329564
0.0440383
0.0781411
0.0738931
0.0856371
0.0396643
0.0403648
0.12142
0.0357862
0.0780534
0.0519456
0.0903518
0.0826109
0.0865064
0.0473647
0.0553761
0.0490529
0.101257
0.0475736
0.0522339
0.172834
0.0522065
0.0353051
0.157047
0.0554207
0.0953843
0.0445569
0.0559038
0.102314
0.0872165
0.191668
0.0870362
0.0586212
0.0435798
0.153381
0.0425978
0.0924096
0.0351175
0.0397655
0.0461748
0.159988
0.0506933
0.0521585
0.0515534
0.0518114
0.040767
0.0455801
0.0253327
0.0400619
0.0571426
0.0786569
0.145694
0.0512582
0.102466
0.0508605
0.0398804
0.0444651
0.105032
0.0606492
0.0988146
0.110827
0.104337
0.0612076
0.052098
0.131462
0.0676637
0.05627
0.0531619
0.0417486
0.0474424
0.0929204
0.0493204
0.0552104
0.0791878
0.0968112
0.04558
0.187297
0.0437664
0.0435401
0.104895
0.0939049
0.0448992
0.092853
0.0509508
0.109397
0.0970995
0.0489971
0.0478411
0.138924
0.0388304
